[[5.29315961e-03 7.75040717e-01 2.03583062e-14 2.64657980e-03
  2.03583062e-14 2.03583062e-14 2.03583062e-14 2.17019544e-01
  2.03583062e-14]
 [1.87163743e-02 9.24365276e-01 3.16501268e-02 1.61895519e-02
  4.47225191e-16 9.07867138e-03 4.47225191e-16 4.47225191e-16
  4.47225191e-16]
 [4.05953992e-03 6.86332882e-01 1.35317997e-04 5.95399188e-03
  1.35317997e-14 1.35317997e-04 3.03382950e-01 1.35317997e-14
  1.35317997e-14]
 [6.94283731e-04 3.33256191e-01 2.31427910e-04 2.31427910e-04
  6.65586670e-01 2.31427910e-14 2.31427910e-14 2.31427910e-14
  2.31427910e-14]
 [5.89290290e-03 7.29438893e-01 2.56213169e-14 1.53727902e-03
  2.63130925e-01 2.56213169e-14 2.56213169e-14 2.56213169e-14
  2.56213169e-14]
 [2.76115969e-03 4.11872987e-01 4.60193281e-03 3.22135297e-03
  4.60193281e-14 4.60193281e-14 4.60193281e-14 4.60193281e-14
  5.77542568e-01]
 [4.00641026e-04 4.43910256e-01 6.00961538e-04 4.00641026e-03
  2.00320513e-14 2.00320513e-04 5.50881410e-01 2.00320513e-14
  2.00320513e-14]
 [1.05764146e-03 5.63194077e-01 5.28820730e-14 5.28820730e-14
  5.28820730e-14 5.28820730e-14 5.28820730e-14 4.35748281e-01
  5.28820730e-14]
 [9.34870676e-04 3.83920224e-01 6.23247117e-04 2.49298847e-03
  3.11623559e-14 2.18136491e-03 3.11623559e-14 3.11623559e-14
  6.09847304e-01]]